5	5.30103	5	5	5.30103	5.30103	4.60206	5.30103	5.02803
4.82391	5.30103	5.30103	4.69897	4.82391	5.30103	4.60206	5.30103	4.92537
4.69897	4.82391	5	4.69897	4.69897	4.69897	4.52287	4.60206	4.69897
4.45592	4.52287	4.82391	4.52287	4.52287	5	4.82391	4.82391	4.64781
4.60206	4.52287	4.82391	4.39793	5.30103	4.60206	4.69897	4.60206	4.63591
4.34677	4.69897	4.60206	4.45592	4.60206	4.60206	4.69897	4.52287	4.5509
4.39793	4.69897	4.52287	4.39793	4.60206	5	4.52287	4.45592	4.54136
4.45592	4.52287	4.69897	4.34677	4.82391	4.82391	4.09688	4.82391	4.49654
4.82391	4.82391	5	4.39793	4.15488	4.15488	4.15488	4.09688	4.33487
3.82385	3.82385	3.92077	3.79582	3.85382	3.86961	3.90304	3.83858	3.85188
3.49472	3.36133	3.54504	3.44355	3.58492	3.56853	3.50851	3.49472	3.49472
3.08584	3.1334	3.06767	3.12462	3.06261	3.05762	3.01058	2.92761	3.05422
2.4028	2.44274	2.43078	2.41174	2.4226	2.31941	2.41118	2.39349	2.40286
2.23405	2.24666	2.25765	2.224	2.2405	2.26244	2.22143	2.25487	2.24246
1.85907	1.89291	1.91613	1.86166	1.94472	1.88892	1.93562	1.93754	1.90343
1.8994	1.83184	1.90099	1.88446	1.8715	1.92652	1.85377	1.87937	1.88013
0.81442	0.787225	0.796714	0.77553	0.798215	0.834521	0.799445	0.80018	0.800555
0.760237	0.762636	0.772377	0.774665	0.774436	0.752314	0.770361	0.770518	0.767147
0.24632	0.262493	0.24695	0.245549	0.248484	0.251	0.259199	0.259749	0.252454
0.139726	0.110162	0.146214	0.139994	0.106942	0.1217	0.151768	0.151553	0.133458
0.0060671	0.0164311	-0.00629294	-0.0106276	0.0158229	0.015093	-0.00727449	-0.00911604	0.00251236
-0.10243	-0.0632352	-0.0586527	-0.0365234	-0.0992872	-0.0717639	-0.0438612	-0.033	-0.0635398
-0.130233	-0.128608	-0.129141	-0.122799	-0.13636	-0.129567	-0.133157	-0.129203	-0.129881
-0.152162	-0.180948	-0.20493	-0.22097	-0.154375	-0.179797	-0.223583	-0.220433	-0.191961
-0.298216	-0.266728	-0.261382	-0.255392	-0.270431	-0.288394	-0.244281	-0.242207	-0.265761
-0.28449	-0.283814	-0.278951	-0.277731	-0.280346	-0.277712	-0.276377	-0.280673	-0.280009
-0.317153	-0.324219	-0.31962	-0.328327	-0.324896	-0.321704	-0.321833	-0.319213	-0.322116
-0.366591	-0.385973	-0.361368	-0.369714	-0.382718	-0.377197	-0.358935	-0.354605	-0.369585
-0.443128	-0.441469	-0.44324	-0.439812	-0.441647	-0.446658	-0.448888	-0.446658	-0.443933
