3.842983	3.644143	3.838786	3.871690	3.808110
3.842983	3.644143	3.838786	3.871690	3.808110
3.842983	3.644143	3.838786	3.871690	3.808110
3.842983	3.644143	3.838786	3.871690	3.808110
3.842983	3.644143	3.838786	3.871690	3.808110
3.842983	3.644143	3.838786	3.871690	3.808110
3.842983	3.644143	3.838786	3.871690	3.808110
3.842983	3.644143	3.838786	3.871690	3.808110
3.842983	3.644143	3.537693	3.871690	3.711183
3.842983	3.644143	3.361539	3.871690	3.631985
3.365738	3.041787	3.236537	3.570601	3.296074
2.997511	3.166825	3.236537	3.570601	3.205847
2.519515	2.194316	2.582442	2.508676	2.454472
2.132285	2.016834	2.268312	2.225720	2.166740
1.893043	1.967488	1.864473	1.781844	1.861478
1.854749	1.556809	1.904047	1.792926	1.781944
0.930325	0.729970	0.869489	0.880510	0.861343
0.727962	0.689579	0.780063	0.751705	0.741481
0.313243	0.349091	0.236548	0.273997	0.286871
0.169556	0.127411	0.140179	0.142589	0.146603
-0.004114	-0.084603	-0.025436	-0.035613	-0.032708
-0.005361	0.060790	-0.063052	-0.124905	-0.043875
-0.136634	-0.153706	-0.144057	-0.109456	-0.133640
-0.252618	-0.325350	-0.208872	-0.154604	-0.223958
-0.244778	-0.189764	-0.247966	-0.239397	-0.234523
-0.299722	-0.327160	-0.275223	-0.277347	-0.291238
-0.292177	-0.298078	-0.313839	-0.308667	-0.303743
-0.340737	-0.407363	-0.336651	-0.353595	-0.354502
-0.461552	-0.475546	-0.455896	-0.477666	-0.467047
-0.455692	-0.370513	-0.484538	-0.546435	-0.473123
