3.530328	3.615003	3.550106	3.632559	3.584105
3.530328	3.615003	3.550106	3.632559	3.584105
3.530328	3.615003	3.550106	3.632559	3.584105
3.530328	3.615003	3.550106	3.632559	3.584105
3.530328	3.615003	3.550106	3.632559	3.584105
2.830845	2.711174	2.704273	3.155235	2.823899
1.934369	2.334348	2.317695	2.590153	2.249341
2.185207	2.214526	2.225432	2.167317	2.196754
1.611474	2.134814	2.041146	2.329601	1.969456
1.912391	1.860979	1.660016	1.813119	1.802917
1.316884	1.327994	1.409793	1.253035	1.320268
1.138234	1.135738	1.114998	1.070917	1.112605
0.887606	0.905228	0.939492	0.945543	0.920017
0.918720	0.913861	0.908622	0.885828	0.905737
0.886346	0.855057	0.865301	0.899912	0.876586
0.896503	0.878054	0.839255	0.824646	0.857513
0.897786	0.795483	0.844818	0.823754	0.836245
0.790373	0.808915	0.840364	0.868222	0.827901
0.791441	0.780615	0.749978	0.821973	0.786925
0.608006	0.659227	0.652764	0.681241	0.652073
0.403692	0.436750	0.460639	0.498431	0.451552
0.350796	0.419184	0.342636	0.358191	0.368893
0.319991	0.383440	0.350064	0.367784	0.357095
0.348398	0.348877	0.338089	0.342540	0.344498
0.283099	0.299135	0.274503	0.335965	0.299970
0.252725	0.208302	0.204836	0.207873	0.217089
0.133166	0.145478	0.067174	0.119749	0.117343
0.100311	-0.011380	0.045551	0.059185	0.046086
0.053329	0.041332	0.040645	0.045779	0.045065
-0.029716	0.000843	-0.026433	0.006071	-0.010748
-0.053329	-0.020233	-0.014192	-0.021456	-0.026480
-0.087874	-0.133802	-0.102254	-0.136708	-0.117112
-0.173852	-0.171180	-0.162877	-0.166751	-0.168609
-0.235010	-0.148079	-0.197611	-0.192514	-0.190920
-0.171189	-0.259474	-0.164905	-0.210016	-0.203899
-0.221303	-0.215007	-0.274503	-0.222928	-0.232197
-0.253282	-0.248927	-0.228255	-0.247736	-0.244750
-0.249389	-0.252587	-0.277746	-0.250369	-0.257033
-0.337072	-0.239813	-0.292433	-0.292708	-0.287818
-0.340636	-0.235275	-0.336388	-0.303157	-0.300224
-0.328795	-0.253962	-0.296268	-0.352000	-0.307111
-0.321161	-0.299135	-0.318397	-0.305439	-0.310183
-0.312411	-0.342484	-0.338656	-0.351050	-0.337267
-0.351998	-0.367776	-0.321190	-0.356282	-0.350183
-0.344809	-0.413924	-0.345487	-0.345370	-0.363247
-0.378761	-0.387010	-0.376751	-0.376491	-0.379867
-0.456204	-0.332716	-0.407145	-0.394122	-0.393436
-0.462226	-0.400894	-0.431649	-0.430338	-0.429540
-0.431206	-0.435140	-0.420545	-0.451066	-0.435282
-0.452875	-0.472358	-0.463847	-0.488529	-0.470510
-0.469642	-0.513573	-0.482029	-0.431877	-0.473208
-0.477121	-0.495580	-0.480062	-0.445841	-0.473809
