3.66747	4.12491	3.60196	4.34677	3.88601	3.2326	3.59336	3.76948	3.66621
2.91134	3.01058	2.81894	2.81182	2.75995	2.77526	2.89737	2.765	2.83632
1.55395	1.49144	1.50542	1.58216	1.55916	1.5168	1.52699	1.54195	1.53387
0.551403	0.540209	0.532348	0.536008	0.557298	0.533264	0.532162	0.552139	0.541796
0.553257	0.543668	0.523412	0.522653	0.522201	0.516877	0.533859	0.520138	0.529416
0.519699	0.526772	0.530246	0.517825	0.521175	0.523142	0.523534	0.508938	0.521394
0.357244	0.358514	0.341917	0.336655	0.353492	0.343646	0.345661	0.339948	0.347109
0.351769	0.34899	0.326969	0.329416	0.344729	0.329896	0.333622	0.351178	0.339529
0.226089	0.241438	0.261306	0.292398	0.299376	0.307482	0.288588	0.245784	0.270026
0.12552	0.123038	0.141724	0.148135	0.129061	0.13652	0.130775	0.13249	0.133397
0.109994	0.111107	0.0919726	0.086469	0.0968768	0.0874516	0.0903392	0.116258	0.0987922
0.00271431	0.00513769	0.00417354	0.0142068	0.00115086	0.00171544	0.00433857	0.0091421	0.00532227
-0.082348	-0.0883905	-0.0890838	-0.0807444	-0.0920165	-0.0952326	-0.0991376	-0.0781169	-0.0881283
-0.147581	-0.121869	-0.0986624	-0.0661874	-0.0784321	-0.0609566	-0.0831368	-0.111787	-0.0959744
-0.122099	-0.135576	-0.136297	-0.120549	-0.131175	-0.131495	-0.138247	-0.113862	-0.128651
-0.30933	-0.292281	-0.309271	-0.289488	-0.300519	-0.294535	-0.299181	-0.299503	-0.299246
-0.332599	-0.329486	-0.340281	-0.342028	-0.339323	-0.334856	-0.342746	-0.337752	-0.337376
-0.319144	-0.347395	-0.37321	-0.412815	-0.397692	-0.417253	-0.392007	-0.359211	-0.376867
-0.46937	-0.436673	-0.425031	-0.409096	-0.40492	-0.396778	-0.421178	-0.426443	-0.423453
-0.483453	-0.447465	-0.435113	-0.399172	-0.409139	-0.412092	-0.427242	-0.43695	-0.431
-0.433545	-0.436939	-0.429481	-0.453951	-0.430163	-0.439656	-0.435224	-0.443853	-0.437821
-0.483185	-0.462988	-0.454741	-0.428669	-0.425118	-0.428471	-0.442036	-0.453387	-0.44713
