5.30103	5.30103	5.30103	5.30103	5.28413	5.30103	5.29956	5.29122	5.29755
5.30103	5.30103	5.30103	5.30103	5.28413	5.30103	5.29956	5.29122	5.29755
5.30103	5.30103	5.30103	5.30103	5.28413	5.30103	5.29956	5.29122	5.29755
5	5	5	5.30103	4.9831	5.30103	4.99852	4.99019	5.05451
5.30103	3.80961	5.30103	4.52287	4.43902	5	5.29956	3.99015	4.36177
3.09117	2.90605	2.97836	3.08057	3.03331	2.97219	3.00246	3.04041	3.00905
2.33954	2.29581	2.26769	2.15217	2.09113	2.09288	2.27691	2.10801	2.19351
2.07154	2.04208	2.05544	2.05947	2.05138	2.05795	2.03574	2.04104	2.05173
1.9635	1.94025	1.87954	1.90294	1.92102	1.92859	1.97462	1.91192	1.92689
1.86935	1.82896	1.87819	1.80977	1.69429	1.75759	1.94303	1.7467	1.81036
1.36612	1.39277	1.4413	1.38803	1.42981	1.38671	1.43179	1.38647	1.40208
1.04447	1.03621	1.03442	1.03131	1.0379	1.00877	1.02464	1.02738	1.03052
0.923593	0.932052	0.937453	0.941728	0.912149	0.948299	0.89299	0.935483	0.92778
0.878645	0.859498	0.859397	0.855624	0.871947	0.873594	0.87152	0.868683	0.867284
0.866008	0.841365	0.867431	0.851092	0.883948	0.881599	0.864802	0.872079	0.865781
0.848151	0.83863	0.851032	0.863502	0.852407	0.851755	0.844309	0.864678	0.851713
0.744357	0.727839	0.752825	0.742814	0.741889	0.742212	0.727541	0.749912	0.741092
0.661602	0.609681	0.627373	0.612981	0.615597	0.635236	0.620971	0.658639	0.630001
0.650767	0.599197	0.627373	0.612402	0.624117	0.637443	0.607166	0.658579	0.626793
0.535262	0.533103	0.526502	0.517971	0.526044	0.522115	0.546543	0.522475	0.528728
0.458759	0.453737	0.477118	0.446625	0.438293	0.471451	0.433577	0.47387	0.456596
0.44742	0.423086	0.432475	0.444322	0.424271	0.420895	0.433566	0.453086	0.434822
0.365084	0.351983	0.362252	0.346543	0.359048	0.348319	0.343624	0.359641	0.354506
0.265852	0.286963	0.262446	0.290477	0.26548	0.247872	0.275248	0.288028	0.272718
0.134802	0.155029	0.141608	0.138292	0.137179	0.143749	0.145109	0.135306	0.141413
0.160675	0.14911	0.126487	0.135327	0.11646	0.112617	0.159559	0.114953	0.134467
0.0886362	0.123889	0.0941251	0.0784321	0.0792135	0.08639	0.111906	0.0858958	0.093614
0.0501682	0.0472754	0.0757795	0.126203	0.040916	0.0552856	0.0126513	0.131532	0.0672978
-0.000282287	5.64574e-05	0.0189336	0.0546838	0.00426696	0.0105146	-0.0133312	0.0610012	0.0169111
0.055835	0.0252175	0.00731793	-0.0162921	0.00138619	0.00988916	0.0400625	-0.0166066	0.013469
-0.0183166	-0.00638849	-0.0193855	0.00543301	-0.0386989	-0.0525041	0.0338285	-0.0124387	-0.0134526
-0.0266432	-0.0188989	-0.0495233	-0.0143893	-0.0237608	-0.0593159	0.0262195	-0.0372208	-0.0254234
-0.189144	-0.15966	-0.143651	-0.135007	-0.131898	-0.135345	-0.182011	-0.118761	-0.14948
-0.161888	-0.176835	-0.143901	-0.18054	-0.167939	-0.127419	-0.227857	-0.155524	-0.167567
-0.168434	-0.162437	-0.167686	-0.167641	-0.171438	-0.175767	-0.165406	-0.172018	-0.16883
-0.187751	-0.144267	-0.184742	-0.181547	-0.197904	-0.125813	-0.182703	-0.189203	-0.173961
-0.22452	-0.22414	-0.220887	-0.226674	-0.218814	-0.227446	-0.225153	-0.221631	-0.223684
-0.271387	-0.229669	-0.271597	-0.290545	-0.270886	-0.226126	-0.253838	-0.289801	-0.262694
-0.256793	-0.278336	-0.265623	-0.261116	-0.262186	-0.266385	-0.26807	-0.259868	-0.264809
-0.268579	-0.263977	-0.269399	-0.265566	-0.270766	-0.264557	-0.270868	-0.266793	-0.267546
-0.299396	-0.257133	-0.305755	-0.307973	-0.307358	-0.249586	-0.286423	-0.30959	-0.290082
-0.298186	-0.319679	-0.311249	-0.329646	-0.318298	-0.318985	-0.315049	-0.309238	-0.315012
-0.365858	-0.341806	-0.349478	-0.341493	-0.370626	-0.393605	-0.335299	-0.351306	-0.355988
-0.380488	-0.395747	-0.352686	-0.339424	-0.369818	-0.389059	-0.409574	-0.330164	-0.370654
-0.383568	-0.392271	-0.384985	-0.392525	-0.386696	-0.384429	-0.393098	-0.381641	-0.38741
-0.403913	-0.434737	-0.377531	-0.385963	-0.387583	-0.37987	-0.435883	-0.377056	-0.397643
-0.388711	-0.40714	-0.424375	-0.450281	-0.422568	-0.421385	-0.381686	-0.475181	-0.420849
-0.442326	-0.447442	-0.442694	-0.444657	-0.444715	-0.443061	-0.437327	-0.448337	-0.4438
-0.445775	-0.47022	-0.478126	-0.486269	-0.485612	-0.493345	-0.440111	-0.510989	-0.475895
