4.98554	5.02118	5.00795	5.01021	5.01287	5.00771
4.98554	5.02118	5.00795	5.01021	5.01287	5.00771
4.98554	5.02118	5.00795	5.01021	5.01287	5.00771
4.98554	5.02118	5.00795	5.01021	5.01287	5.00771
4.98554	5.02118	5.00795	5.01021	5.01287	5.00771
4.98554	5.02118	5.00795	5.01021	5.01287	5.00771
4.98554	5.02118	5.00795	5.01021	5.01287	5.00771
4.98554	5.02118	5.00795	5.01021	5.01287	5.00771
4.98554	5.02118	5.00795	5.01021	5.01287	5.00771
4.98554	5.02118	5.00795	5.01021	5.01287	5.00771
4.98554	5.02118	5.00795	5.01021	5.01287	5.00771
4.98554	5.02118	5.00795	5.01021	5.01287	5.00771
4.98554	5.02118	5.00795	5.01021	5.01287	5.00771
4.68451	5.02118	4.70692	5.01021	5.01287	4.86158
4.50841	5.02118	5.00795	4.31122	5.01287	4.66528
4.38347	4.72014	4.22978	4.53308	4.2347	4.38445
4.50841	4.4191	4.10483	4.40814	4.53574	4.36424
4.50841	4.0669	4.53082	4.10709	4.31388	4.2595
3.9855	4.02114	3.66544	3.6677	3.97144	3.83156
3.5875	3.72007	3.57648	3.7091	3.80869	3.67317
3.41718	3.41896	3.4893	3.51872	3.53563	3.47354
3.46689	3.47697	3.51646	3.45376	3.35947	3.45126
3.29513	3.28059	3.2153	3.27759	3.20643	3.25313
3.19994	3.28059	3.25953	3.33792	3.10405	3.22931
2.81462	2.78494	2.78714	2.79468	2.8509	2.80564
2.40291	2.42184	2.36661	2.39146	2.37658	2.39148
2.09502	2.22062	2.06978	2.18064	2.14229	2.13923
2.02969	2.04836	2.05623	2.09828	2.06816	2.05986
1.51365	1.54416	1.53502	1.54061	1.52817	1.53246
1.56012	1.36703	1.26569	1.11934	1.51129	1.33559
1.28135	1.27346	1.28539	1.2729	1.27596	1.27772
1.17124	1.17874	1.17323	1.17499	1.17566	1.17483
1.37894	1.19636	1.09427	0.932166	1.34107	1.15968
1.09274	1.15898	1.08253	1.13998	1.13113	1.1208
0.963891	0.962803	0.965343	0.951469	0.952974	0.959217
0.962573	0.953086	0.960864	0.958359	0.95377	0.957631
0.882272	0.890192	0.884515	0.888739	0.888364	0.886881
0.821482	0.813979	0.805975	0.812277	0.816593	0.813968
0.640881	0.594566	0.568405	0.49299	0.643529	0.585543
0.570839	0.562739	0.572824	0.56767	0.56203	0.567133
0.487207	0.452787	0.409661	0.367957	0.481274	0.438319
0.399642	0.394751	0.392786	0.398053	0.395117	0.396023
0.357213	0.356328	0.35437	0.357043	0.363863	0.357768
0.0543537	0.0615006	0.0614799	0.0583896	0.0507096	0.0573271
-0.0824387	-0.0774026	-0.0911327	-0.0682153	-0.0690443	-0.0775599
-0.126579	-0.143086	-0.131764	-0.139423	-0.142235	-0.136767
-0.219315	-0.217816	-0.219601	-0.221713	-0.219572	-0.219597
-0.21746	-0.232368	-0.243646	-0.256997	-0.217795	-0.233726
-0.24198	-0.234341	-0.240718	-0.236509	-0.236598	-0.237959
-0.276334	-0.26071	-0.279704	-0.259144	-0.257421	-0.266469
-0.286069	-0.289288	-0.29114	-0.29032	-0.28739	-0.288869
-0.292899	-0.299753	-0.294859	-0.287256	-0.291471	-0.293275
-0.298614	-0.296855	-0.300275	-0.302972	-0.298402	-0.299416
-0.301037	-0.300664	-0.302521	-0.301005	-0.300581	-0.301158
-0.302513	-0.301371	-0.304905	-0.299516	-0.301644	-0.301976
-0.303423	-0.305567	-0.300275	-0.299097	-0.304094	-0.302499
-0.307092	-0.300013	-0.301542	-0.303967	-0.305122	-0.303491
-0.306301	-0.302973	-0.303732	-0.304732	-0.303087	-0.304134
-0.304436	-0.306053	-0.304944	-0.307012	-0.307122	-0.305932
-0.303119	-0.303309	-0.306697	-0.31197	-0.306531	-0.306341
-0.336444	-0.333216	-0.330296	-0.334743	-0.33293	-0.333493
-0.337401	-0.336123	-0.338041	-0.333762	-0.338667	-0.336788
-0.341674	-0.339056	-0.341764	-0.339243	-0.33988	-0.3403
-0.346153	-0.350302	-0.345778	-0.345898	-0.347542	-0.347162
-0.410254	-0.404904	-0.404832	-0.409615	-0.406095	-0.407092
-0.460605	-0.464039	-0.463094	-0.467044	-0.46018	-0.463017
