3.653261	3.653261	3.954339	3.954339	3.778224
2.953905	2.912464	2.953905	3.108951	2.976205
1.365518	1.403542	1.516481	1.782934	1.491113
0.534268	0.577921	0.583191	0.619330	0.578067
0.504239	0.465049	0.538136	0.535371	0.510170
0.419029	0.332237	0.341174	0.348374	0.359659
0.401560	0.263565	0.365430	0.316536	0.335636
0.132518	0.297561	0.238421	0.259134	0.230851
0.097366	0.173520	0.108324	0.156121	0.133654
0.192070	0.070292	0.124432	0.114012	0.124875
0.103036	0.070487	0.069710	0.061947	0.076268
0.035040	-0.070098	-0.032528	-0.056713	-0.031031
-0.042387	-0.006078	-0.070098	-0.034267	-0.038182
-0.171714	-0.207729	-0.189439	-0.194502	-0.190805
-0.184792	-0.253248	-0.221257	-0.254717	-0.228267
-0.226615	-0.270553	-0.261031	-0.268008	-0.256451
-0.403221	-0.257661	-0.339605	-0.296912	-0.323145
-0.447708	-0.374174	-0.416618	-0.401085	-0.409538
-0.489755	-0.347021	-0.439037	-0.390706	-0.415174
-0.460240	-0.506100	-0.419754	-0.494993	-0.469628
