3.495822	3.528145	3.527114	3.488269	3.510210
3.495822	3.528145	3.527114	3.488269	3.510210
3.495822	3.528145	3.527114	3.488269	3.510210
3.495822	3.528145	3.527114	3.488269	3.510210
3.495822	3.528145	3.527114	3.488269	3.510210
3.495822	3.528145	3.527114	3.488269	3.510210
3.495822	3.528145	3.527114	3.488269	3.510210
3.495822	3.528145	3.527114	3.488269	3.510210
3.495822	3.528145	3.527114	3.488269	3.510210
3.495822	3.528145	3.527114	3.488269	3.510210
3.495822	3.528145	3.527114	3.488269	3.510210
3.495822	3.528145	3.527114	3.488269	3.510210
3.495822	3.528145	3.527114	3.488269	3.510210
3.495822	3.528145	3.527114	3.488269	3.510210
3.495822	3.528145	3.527114	3.488269	3.510210
3.495822	3.528145	3.527114	3.488269	3.510210
3.495822	3.528145	3.527114	3.488269	3.510210
3.495822	3.226986	3.527114	3.488269	3.413266
3.495822	3.528145	3.527114	3.187098	3.413266
3.495822	3.528145	3.225955	3.488269	3.413266
3.495822	3.528145	3.527114	3.187098	3.413266
3.194653	3.528145	3.049735	3.187098	3.209046
3.194653	3.528145	3.049735	3.010865	3.157860
3.194653	3.528145	3.049735	3.010865	3.157860
3.194653	3.050766	2.924667	2.788734	2.965806
2.347887	2.572872	2.681241	2.788734	2.567161
1.836465	1.932161	2.379306	2.372629	2.063344
1.934639	1.943573	2.162538	2.184549	2.040278
1.392351	2.183011	2.623120	1.765009	1.795880
1.634747	1.649414	1.591992	1.646202	1.629574
1.207371	2.005493	2.349213	1.557464	1.604817
1.280654	1.314596	1.337459	1.338604	1.317466
1.128328	1.165096	1.128743	1.169961	1.147531
0.918907	1.046896	1.223264	1.266874	1.095229
1.037926	1.048602	1.032326	1.029677	1.037240
0.971933	0.981363	1.032326	0.950961	0.984267
0.938007	0.938043	0.945288	0.986367	0.951048
0.867880	0.844951	0.870258	0.896151	0.868958
0.659425	0.774111	0.843773	0.752057	0.755725
0.567867	0.559103	0.522152	0.524102	0.543034
0.408965	0.547052	0.568497	0.503670	0.506683
0.438246	0.432122	0.436610	0.404676	0.428153
0.326442	0.357913	0.341935	0.330786	0.339637
0.048567	0.062129	0.030711	0.060184	0.050211
-0.105028	-0.107347	-0.062796	-0.051685	-0.081911
-0.157799	-0.143614	-0.183521	-0.175856	-0.165027
-0.229480	-0.209061	-0.194336	-0.191190	-0.205864
-0.231264	-0.217804	-0.207939	-0.204258	-0.215245
-0.217640	-0.276928	-0.193794	-0.196525	-0.221527
-0.238416	-0.234869	-0.234900	-0.211423	-0.230129
-0.286966	-0.290074	-0.299483	-0.296805	-0.293358
-0.297500	-0.290648	-0.291391	-0.296173	-0.293808
-0.277738	-0.296406	-0.283348	-0.323657	-0.294859
-0.323898	-0.275223	-0.287364	-0.301242	-0.296211
-0.290056	-0.312664	-0.315819	-0.276087	-0.299221
-0.308119	-0.312079	-0.284494	-0.298705	-0.300728
-0.305613	-0.294676	-0.319348	-0.287977	-0.302086
-0.271010	-0.315589	-0.331182	-0.302512	-0.305564
-0.335387	-0.293524	-0.303548	-0.303147	-0.308444
-0.327079	-0.332693	-0.286790	-0.321720	-0.316664
-0.338598	-0.332099	-0.320526	-0.329487	-0.330024
-0.320726	-0.336262	-0.331182	-0.350452	-0.334511
-0.332824	-0.335071	-0.347952	-0.332738	-0.337304
-0.345694	-0.334476	-0.338938	-0.345175	-0.340883
-0.448928	-0.443950	-0.443210	-0.417986	-0.438716
-0.432599	-0.465362	-0.461271	-0.478439	-0.459333
