5.30103	4.82391	4.52287	5.30103	5	4.82391	5.30103	4.91568
5.30103	4.60206	4.69897	5	4.18706	5.30103	4.82391	4.68373
4.69897	4.39793	5	4.82391	5	4.39793	4.82391	4.669
4.69897	4.82391	4.45592	4.60206	4.39793	4.45592	4.82391	4.57792
4.60206	4.60206	5	4.60206	4.22183	4.39793	4.69897	4.53334
4.69897	4.82391	4.60206	4.25962	4.39793	4.45592	4.69897	4.52287
4.52287	4.22183	4.45592	4.69897	4.69897	4.12491	4.52287	4.41372
4.60206	4.39793	4.69897	4.69897	3.99996	4.52287	4.39793	4.40575
4.22183	4.18706	4.45592	4.52287	4.45592	4.52287	4.60206	4.39793
3.82385	3.82385	3.74466	3.86961	3.68816	3.90304	3.88601	3.81363
3.37657	3.44355	3.3277	3.33235	3.35636	3.42006	3.51557	3.39161
2.55008	2.62239	2.67378	2.70358	2.4894	2.65073	2.61156	2.60901
2.57725	2.5839	2.65762	2.62792	2.40892	2.57725	2.62792	2.57303
2.26932	2.27178	2.30105	2.30991	2.2529	2.28132	2.27839	2.2803
2.00428	2.06688	1.97423	1.94944	1.95003	2.02558	1.99872	1.99389
1.895	1.92297	1.96045	1.8378	1.96329	1.98998	1.9757	1.93216
0.726206	0.729772	0.717523	0.719634	0.72928	0.721995	0.731036	0.725044
0.554784	0.589768	0.557004	0.559845	0.581198	0.582148	0.542613	0.566592
0.317064	0.300294	0.314326	0.312323	0.301603	0.296043	0.30089	0.306055
0.134322	0.124031	0.15467	0.14167	0.133335	0.135354	0.138399	0.137383
0.0688438	0.0453766	0.0336089	0.0437306	0.0285386	0.0449672	0.0819799	0.0495557
0.00538958	0.0198548	-0.0278778	0.0174911	0.00558936	-0.0119393	-0.0104017	-0.000269879
-0.109306	-0.12008	-0.11487	-0.116921	-0.117319	-0.119708	-0.0951799	-0.113331
-0.278817	-0.289353	-0.28503	-0.288094	-0.28259	-0.287427	-0.282811	-0.28487
-0.325295	-0.308022	-0.289576	-0.307001	-0.296024	-0.302875	-0.338155	-0.309467
-0.324827	-0.318727	-0.324468	-0.31654	-0.318054	-0.317876	-0.323085	-0.320507
-0.319233	-0.333511	-0.329126	-0.338749	-0.349265	-0.342766	-0.318569	-0.332983
-0.40985	-0.427253	-0.373657	-0.410765	-0.401145	-0.395896	-0.409774	-0.403931
-0.454617	-0.448507	-0.448776	-0.456448	-0.453241	-0.450224	-0.448608	-0.451484
-0.449944	-0.454809	-0.461804	-0.458521	-0.467811	-0.454561	-0.4535	-0.457261
