3.80808	4.65323	4.65323	4.65323	4.65323	3.57394	4.05114	4.65323	4.10914
2.99959	2.96257	3.0618	3.01936	3.0508	3.31061	3.47701	3.35202	3.11984
1.3081	1.37748	1.35767	1.32795	1.33887	1.31638	1.29553	1.37301	1.33603
0.431803	0.425023	0.448747	0.416024	0.440755	0.429945	0.451243	0.416024	0.43236
0.367559	0.404487	0.374749	0.436809	0.440557	0.435039	0.405344	0.410789	0.409078
0.372208	0.420368	0.37387	0.346627	0.417615	0.393552	0.365264	0.35923	0.380789
0.321959	0.328733	0.288066	0.360553	0.329532	0.371793	0.332602	0.337691	0.333632
0.247161	0.227339	0.261612	0.172925	0.202321	0.190422	0.227835	0.221483	0.218676
0.205133	0.205052	0.219262	0.154051	0.180245	0.173809	0.200326	0.214868	0.193983
0.140308	0.163669	0.137694	0.164109	0.159474	0.193137	0.146654	0.173327	0.159734
-0.00824164	-0.0332714	-0.00955423	-0.00287581	-0.0301405	-0.0161565	-0.0247309	-0.0154229	-0.0175467
-0.0669319	-0.0811632	-0.0553714	-0.0740037	-0.0587054	-0.0650295	-0.0721377	-0.082721	-0.0695001
-0.105257	-0.0653788	-0.0885677	-0.129276	-0.0774265	-0.0921186	-0.115889	-0.104082	-0.0972015
-0.128566	-0.16599	-0.147449	-0.197723	-0.190908	-0.182099	-0.167191	-0.14872	-0.165975
-0.210608	-0.258618	-0.206766	-0.183753	-0.241068	-0.221813	-0.196545	-0.193299	-0.213899
-0.244821	-0.20979	-0.230522	-0.261865	-0.213474	-0.227835	-0.232593	-0.236534	-0.232106
-0.290347	-0.329799	-0.292891	-0.27029	-0.313203	-0.303247	-0.268975	-0.275565	-0.292886
-0.369536	-0.3729	-0.346357	-0.356498	-0.354544	-0.358865	-0.341051	-0.378083	-0.359663
-0.408541	-0.384131	-0.403535	-0.387824	-0.39012	-0.396145	-0.398508	-0.389042	-0.3947
-0.416217	-0.430482	-0.418194	-0.449345	-0.442387	-0.44775	-0.444916	-0.4277	-0.434542
-0.476594	-0.455351	-0.447203	-0.438583	-0.442288	-0.448896	-0.449295	-0.46932	-0.453357
-0.443626	-0.493895	-0.446456	-0.420948	-0.493003	-0.465046	-0.44214	-0.432489	-0.454348
-0.472949	-0.472898	-0.455954	-0.466621	-0.471772	-0.48108	-0.488976	-0.462157	-0.471497
