5.19882	5.08831	5.11531	5.10503	5.11892	5.11282	5.10029	5.03971	5.11189
5.19882	5.08831	5.11531	5.10503	5.11892	5.11282	5.10029	5.03971	5.11189
5.19882	5.08831	5.11531	5.10503	5.11892	5.11282	5.10029	5.03971	5.11189
5.19882	5.08831	5.11531	5.10503	5.11892	5.11282	5.10029	5.03971	5.11189
5.19882	5.08831	5.11531	5.10503	5.11892	5.11282	5.10029	5.03971	5.11189
5.19882	5.08831	5.11531	5.10503	5.11892	5.11282	5.10029	5.03971	5.11189
5.19882	5.08831	5.11531	5.10503	5.11892	5.11282	5.10029	5.03971	5.11189
5.19882	5.08831	5.11531	5.10503	5.11892	5.11282	5.10029	5.03971	5.11189
5.19882	5.08831	5.11531	5.10503	5.11892	5.11282	5.10029	5.03971	5.11189
5.19882	5.08831	5.11531	5.10503	5.11892	5.11282	5.10029	5.03971	5.11189
5.19882	5.08831	5.11531	5.10503	5.11892	5.11282	5.10029	5.03971	5.11189
5.19882	5.08831	5.11531	5.10503	5.11892	5.11282	5.10029	5.03971	5.11189
5.19882	5.08831	5.11531	5.10503	5.11892	4.51075	5.10029	4.73867	4.9358
4.89778	5.08831	4.63819	5.10503	4.64179	5.11282	5.10029	5.03971	4.90103
5.19882	4.48624	4.51324	5.10503	5.11892	4.81179	5.10029	4.73867	4.81085
4.08484	4.61118	4.81428	4.6279	4.51685	4.2677	4.25517	4.73867	4.40218
4.3537	4.18519	4.2702	4.25991	4.34075	5.11282	4.4013	3.99828	4.29896
4.29571	4.48624	4.2122	4.32686	4.34075	4.20971	4.19717	4.13659	4.26677
3.83703	3.91217	3.85999	3.70701	3.64171	3.68137	3.60882	3.76088	3.74074
3.61893	3.59684	3.66807	3.76254	3.84011	3.56864	3.82147	3.78437	3.69267
3.50849	3.56968	3.5024	3.56085	3.46556	3.52163	3.48737	3.5081	3.51379
3.57545	3.49711	3.44306	3.45167	3.37055	3.39665	3.48737	3.33194	3.44312
3.28478	3.1242	3.32272	3.19094	3.11427	3.30643	3.28715	3.36743	3.24021
3.08119	3.0387	3.15597	3.47142	3.29916	3.22607	3.23672	3.25414	3.19913
2.78313	2.84465	2.7218	2.80989	2.80438	2.79198	2.80958	2.79598	2.79313
2.41253	2.39727	2.41555	2.42948	2.4183	2.41305	2.40574	2.3955	2.41124
2.09151	2.12459	2.20359	2.12637	2.07748	2.0618	2.16537	2.05728	2.11116
2.06379	2.04181	2.06866	2.09899	2.10055	2.06973	2.09421	2.08974	2.07757
1.53068	1.52835	1.54094	1.52877	1.5194	1.527	1.55275	1.52859	1.53194
1.27518	1.27999	1.27768	1.28533	1.27834	1.27694	1.2752	1.27071	1.27745
1.1902	1.44821	1.20897	1.24721	1.29451	1.40013	1.29072	1.16113	1.27017
1.18392	1.17781	1.17625	1.17412	1.16853	1.18544	1.17612	1.16119	1.17585
1.10029	1.1011	1.12997	1.11632	1.08467	1.0799	1.12309	1.07076	1.10083
1.01425	1.28419	1.03847	1.07487	1.11964	1.22591	1.12447	0.979369	1.09752
0.970258	0.960858	0.970056	0.964995	0.969425	0.966227	0.968789	0.960465	0.966634
0.963104	0.959704	0.96039	0.958579	0.96152	0.958896	0.959543	0.958198	0.960119
0.882714	0.884585	0.886029	0.88569	0.882542	0.885176	0.892765	0.897381	0.886762
0.810766	0.834686	0.8091	0.816149	0.821792	0.818349	0.810351	0.811509	0.816377
0.567195	0.564581	0.567332	0.565476	0.569183	0.569929	0.566385	0.570568	0.567542
0.539254	0.623804	0.543152	0.556482	0.57344	0.606828	0.579078	0.518415	0.566627
0.403878	0.468255	0.416095	0.424587	0.432311	0.466791	0.433058	0.393292	0.429184
0.399594	0.39173	0.398031	0.399086	0.398578	0.399552	0.398674	0.400237	0.398222
0.356804	0.360091	0.362371	0.358921	0.362299	0.360467	0.365797	0.363823	0.361146
0.04944	0.0513458	0.0509701	0.0519207	0.0476451	0.0477899	0.0511428	0.0517047	0.0501757
-0.0797354	-0.0781886	-0.0764175	-0.0771999	-0.0848156	-0.0855976	-0.0799359	-0.0790664	-0.0801545
-0.134418	-0.129463	-0.13645	-0.139776	-0.138566	-0.136967	-0.134698	-0.131545	-0.135321
-0.221264	-0.223138	-0.223434	-0.221165	-0.219673	-0.221883	-0.22527	-0.221166	-0.222099
-0.237171	-0.225849	-0.232088	-0.232166	-0.229468	-0.230393	-0.2378	-0.231084	-0.232175
-0.244143	-0.214806	-0.240644	-0.239692	-0.231408	-0.221397	-0.231294	-0.25377	-0.234629
-0.272481	-0.277446	-0.267634	-0.261803	-0.275335	-0.2703	-0.27027	-0.274383	-0.271159
-0.287931	-0.288681	-0.28814	-0.289303	-0.289714	-0.287485	-0.285934	-0.284969	-0.287828
-0.290836	-0.294714	-0.293241	-0.293614	-0.293374	-0.295445	-0.293625	-0.294962	-0.293615
-0.30143	-0.299787	-0.30305	-0.300667	-0.302939	-0.299248	-0.298199	-0.300762	-0.300799
-0.299736	-0.302466	-0.299677	-0.299747	-0.30218	-0.301176	-0.300322	-0.302243	-0.30088
-0.301912	-0.300823	-0.300351	-0.302663	-0.297962	-0.302654	-0.304561	-0.300067	-0.301396
-0.303386	-0.306431	-0.303485	-0.302171	-0.304428	-0.30279	-0.302106	-0.300959	-0.303254
-0.308375	-0.304351	-0.30119	-0.30105	-0.303802	-0.303152	-0.302448	-0.304924	-0.303768
-0.30434	-0.298561	-0.304597	-0.303293	-0.301749	-0.304375	-0.307022	-0.312244	-0.304393
-0.305282	-0.306736	-0.302389	-0.307126	-0.307113	-0.307007	-0.302168	-0.300549	-0.304883
-0.303931	-0.304032	-0.30869	-0.308453	-0.305934	-0.304496	-0.307037	-0.303208	-0.305724
-0.335288	-0.331568	-0.335526	-0.331632	-0.334559	-0.330145	-0.333357	-0.33584	-0.333513
-0.335644	-0.338271	-0.334309	-0.33775	-0.335338	-0.339392	-0.340368	-0.340196	-0.337531
-0.343426	-0.340822	-0.339246	-0.339743	-0.33967	-0.335247	-0.337296	-0.341818	-0.339717
-0.342211	-0.3428	-0.344032	-0.345936	-0.347626	-0.349872	-0.343913	-0.343866	-0.344996
-0.410291	-0.403081	-0.408926	-0.409309	-0.409929	-0.410843	-0.409449	-0.41102	-0.409139
-0.464576	-0.467208	-0.464548	-0.461512	-0.469196	-0.464006	-0.467653	-0.466819	-0.465632
